3.3333E-6	-947.46
3.3667E-6	-810.32
3.4000E-6	-502.09
3.4333E-6	-31.232
3.4667E-6	517.07
3.5000E-6	937.52
3.5333E-6	1109.0
3.5667E-6	1000.5
3.6000E-6	575.97
3.6333E-6	-113.00
3.6667E-6	-865.26
3.7000E-6	-1615.1
3.7333E-6	-2285.0
3.7667E-6	-2770.8
3.8000E-6	-3054.1
3.8333E-6	-3132.7
3.8667E-6	-2959.9
3.9000E-6	-2474.7
3.9333E-6	-1701.2
3.9667E-6	-594.64
4.0000E-6	910.83
4.0333E-6	2816.1
4.0667E-6	5027.9
4.1000E-6	7454.2
4.1333E-6	9919.2
4.1667E-6	12164
4.2000E-6	13984
4.2333E-6	15269
4.2667E-6	15853
4.3000E-6	15671
4.3333E-6	14833
4.3667E-6	13502
4.4000E-6	11850
4.4333E-6	10129
4.4667E-6	8578.7
4.5000E-6	7273.6
4.5333E-6	6335.6
4.5667E-6	5824.0
4.6000E-6	5686.2
4.6333E-6	5790.9
4.6667E-6	6046.9
4.7000E-6	6330.3
4.7333E-6	6519.1
4.7667E-6	6561.1
4.8000E-6	6423.5
4.8333E-6	6101.4
4.8667E-6	5636.3
4.9000E-6	5117.2
4.9333E-6	4628.0
4.9667E-6	4253.4
5.0000E-6	4060.4
5.0333E-6	4088.3
5.0667E-6	4333.2
5.1000E-6	4735.5
5.1333E-6	5192.5
5.1667E-6	5577.8
5.2000E-6	5792.0
5.2333E-6	5745.4
5.2667E-6	5393.7
5.3000E-6	4774.9
5.3333E-6	4033.8
5.3667E-6	3320.9
5.4000E-6	2815.7
5.4333E-6	2699.7
5.4667E-6	3036.0
5.5000E-6	3807.1
5.5333E-6	4922.0
5.5667E-6	6186.3
5.6000E-6	7289.6
5.6333E-6	7976.2
5.6667E-6	8049.8
5.7000E-6	7392.9
5.7333E-6	6062.7
5.7667E-6	4248.5
5.8000E-6	2216.3
5.8333E-6	309.66
5.8667E-6	-1148.6
5.9000E-6	-1971.4
5.9333E-6	-2054.8
5.9667E-6	-1447.1
6.0000E-6	-383.67
6.0333E-6	827.04
6.0667E-6	1874.8
6.1000E-6	2442.9
6.1333E-6	2327.6
6.1667E-6	1586.0
6.2000E-6	305.67
6.2333E-6	-1302.1
6.2667E-6	-2908.6
6.3000E-6	-4226.4
6.3333E-6	-5053.7
6.3667E-6	-5259.8
6.4000E-6	-4858.0
6.4333E-6	-4062.2
6.4667E-6	-3094.4
6.5000E-6	-2204.5
6.5333E-6	-1634.3
6.5667E-6	-1505.0
6.6000E-6	-1831.6
6.6333E-6	-2535.6
6.6667E-6	-3415.1
6.7000E-6	-4229.7
6.7333E-6	-4837.1
6.7667E-6	-5065.5
6.8000E-6	-4838.2
6.8333E-6	-4233.5
6.8667E-6	-3382.3
6.9000E-6	-2441.5
6.9333E-6	-1634.2
6.9667E-6	-1150.4
7.0000E-6	-957.80
7.0333E-6	-1071.0
7.0667E-6	-1442.9
7.1000E-6	-1916.7
7.1333E-6	-2325.9
7.1667E-6	-2564.7
7.2000E-6	-2535.4
7.2333E-6	-2191.5
7.2667E-6	-1640.9
7.3000E-6	-1010.2
7.3333E-6	-400.36
7.3667E-6	71.027
7.4000E-6	319.88
7.4333E-6	316.79
7.4667E-6	103.07
7.5000E-6	-234.95
7.5333E-6	-581.08
7.5667E-6	-821.13
7.6000E-6	-870.70
7.6333E-6	-696.13
7.6667E-6	-327.78
7.7000E-6	190.77
7.7333E-6	767.88
7.7667E-6	1291.4
7.8000E-6	1675.1
7.8333E-6	1901.4
7.8667E-6	1962.2
7.9000E-6	1894.7
7.9333E-6	1778.9
7.9667E-6	1685.0
8.0000E-6	1671.3
8.0333E-6	1781.5
8.0667E-6	2012.4
8.1000E-6	2323.2
8.1333E-6	2663.3
8.1667E-6	2962.8
8.2000E-6	3153.2
8.2333E-6	3218.2
8.2667E-6	3182.1
8.3000E-6	3072.1
8.3333E-6	2956.5
8.3667E-6	2920.8
8.4000E-6	2998.8
8.4333E-6	3221.3
8.4667E-6	3601.6
8.5000E-6	4101.1
8.5333E-6	4580.2
8.5667E-6	4961.5
8.6000E-6	5176.1
8.6333E-6	5150.6
8.6667E-6	4859.0
8.7000E-6	4351.3
8.7333E-6	3680.9
8.7667E-6	2890.8
8.8000E-6	2141.1
8.8333E-6	1534.7
8.8667E-6	1051.2
8.9000E-6	629.97
8.9333E-6	248.40
8.9667E-6	-208.43
9.0000E-6	-922.88
9.0333E-6	-2007.2
9.0667E-6	-3549.6
9.1000E-6	-5691.4
9.1333E-6	-8374.2
9.1667E-6	-11420
9.2000E-6	-14644
9.2333E-6	-17938
9.2667E-6	-20966
9.3000E-6	-23421
9.3333E-6	-25097
9.3667E-6	-25835
9.4000E-6	-25515
9.4333E-6	-24176
9.4667E-6	-21979
9.5000E-6	-19019
9.5333E-6	-15543
9.5667E-6	-11902
9.6000E-6	-8430.8
9.6333E-6	-5303.0
9.6667E-6	-2706.8
9.7000E-6	-809.45
9.7333E-6	353.32
9.7667E-6	853.26
9.8000E-6	779.85
9.8333E-6	287.55
9.8667E-6	-414.00
9.9000E-6	-1171.0
9.9333E-6	-1948.7
9.9667E-6	-2638.1
1.0000E-5	-3184.1
1.0033E-5	-3623.6
1.0067E-5	-4063.6
1.0100E-5	-4528.2
1.0133E-5	-5046.8
1.0167E-5	-5630.2
1.0200E-5	-6220.7
1.0233E-5	-6729.7
1.0267E-5	-7049.4
1.0300E-5	-7061.5
1.0333E-5	-6660.6
1.0367E-5	-5797.6
1.0400E-5	-4488.5
1.0433E-5	-2830.9
1.0467E-5	-964.67
1.0500E-5	943.45
1.0533E-5	2678.2
1.0567E-5	4034.7
1.0600E-5	4914.9
1.0633E-5	5303.8
1.0667E-5	5214.4
1.0700E-5	4774.6
1.0733E-5	4189.4
1.0767E-5	3623.8
1.0800E-5	3279.1
1.0833E-5	3337.5
1.0867E-5	3869.4
1.0900E-5	4781.6
1.0933E-5	5996.6
1.0967E-5	7341.7
1.1000E-5	8566.2
1.1033E-5	9482.0
1.1067E-5	9918.3
1.1100E-5	9733.9
1.1133E-5	8888.9
1.1167E-5	7497.5
1.1200E-5	5677.5
1.1233E-5	3601.2
1.1267E-5	1493.1
1.1300E-5	-489.64
1.1333E-5	-2238.3
1.1367E-5	-3654.2
1.1400E-5	-4717.0
1.1433E-5	-5489.8
1.1467E-5	-6023.6
1.1500E-5	-6382.1
1.1533E-5	-6639.0
1.1567E-5	-6810.7
1.1600E-5	-6838.2
1.1633E-5	-6699.3
1.1667E-5	-6342.8
1.1700E-5	-5704.7
1.1733E-5	-4780.6
1.1767E-5	-3596.7
1.1800E-5	-2206.4
1.1833E-5	-707.67
1.1867E-5	767.69
1.1900E-5	2121.3
1.1933E-5	3275.3
1.1967E-5	4190.2
1.2000E-5	4881.6
1.2033E-5	5374.0
1.2067E-5	5702.8
1.2100E-5	5894.7
1.2133E-5	5884.7
1.2167E-5	5550.1
1.2200E-5	4743.8
1.2233E-5	3264.9
1.2267E-5	923.62
1.2300E-5	-2314.1
1.2333E-5	-6385.6
1.2367E-5	-11065
1.2400E-5	-15852
1.2433E-5	-19991
1.2467E-5	-22742
1.2500E-5	-23303
1.2533E-5	-20955
1.2567E-5	-15392
1.2600E-5	-6637.9
1.2633E-5	4859.5
1.2667E-5	18110
1.2700E-5	31563
1.2733E-5	43562
1.2767E-5	52330
1.2800E-5	56178
1.2833E-5	54021
1.2867E-5	45406
1.2900E-5	30542
1.2933E-5	10536
1.2967E-5	-12583
1.3000E-5	-36422
1.3033E-5	-58227
1.3067E-5	-75162
1.3100E-5	-84932
1.3133E-5	-86212
1.3167E-5	-78278
1.3200E-5	-61557
1.3233E-5	-37743
1.3267E-5	-9245.6
1.3300E-5	20956
1.3333E-5	49424
1.3367E-5	72867
1.3400E-5	89122
1.3433E-5	96404
1.3467E-5	93907
1.3500E-5	82179
1.3533E-5	62893
1.3567E-5	38273
1.3600E-5	11278
1.3633E-5	-14795
1.3667E-5	-37386
1.3700E-5	-54372
1.3733E-5	-64034
1.3767E-5	-65721
1.3800E-5	-59997
1.3833E-5	-48019
1.3867E-5	-31539
1.3900E-5	-12897
1.3933E-5	5625.6
1.3967E-5	22318
1.4000E-5	35401
1.4033E-5	43699
1.4067E-5	46895
1.4100E-5	45353
1.4133E-5	39713
1.4167E-5	31152
1.4200E-5	21115
1.4233E-5	10693
1.4267E-5	1079.3
1.4300E-5	-6709.9
1.4333E-5	-12106
1.4367E-5	-15081
1.4400E-5	-15715
1.4433E-5	-14393
1.4467E-5	-11768
1.4500E-5	-8411.0
1.4533E-5	-4854.9
1.4567E-5	-1685.8
1.4600E-5	681.72
1.4633E-5	2114.8
1.4667E-5	2584.9
1.4700E-5	2122.6
1.4733E-5	914.37
1.4767E-5	-807.76
1.4800E-5	-2892.1
1.4833E-5	-5113.4
1.4867E-5	-7272.2
1.4900E-5	-9243.5
1.4933E-5	-10978
1.4967E-5	-12385
1.5000E-5	-13409
1.5033E-5	-14011
1.5067E-5	-14138
1.5100E-5	-13751
1.5133E-5	-12826
1.5167E-5	-11359
1.5200E-5	-9360.4
1.5233E-5	-6882.6
1.5267E-5	-4025.5
1.5300E-5	-927.28
1.5333E-5	2261.8
1.5367E-5	5382.4
1.5400E-5	8260.1
1.5433E-5	10745
1.5467E-5	12736
1.5500E-5	14164
1.5533E-5	15005
1.5567E-5	15295
1.5600E-5	15104
1.5633E-5	14495
1.5667E-5	13575
1.5700E-5	12444
1.5733E-5	11169
1.5767E-5	9795.6
1.5800E-5	8357.6
1.5833E-5	6843.4
1.5867E-5	5213.9
1.5900E-5	3480.6
1.5933E-5	1629.2
1.5967E-5	-357.99
1.6000E-5	-2456.7
1.6033E-5	-4580.6
1.6067E-5	-6646.4
1.6100E-5	-8542.2
1.6133E-5	-10121
1.6167E-5	-11262
1.6200E-5	-11894
1.6233E-5	-11926
1.6267E-5	-11314
1.6300E-5	-10106
1.6333E-5	-8422.0
1.6367E-5	-6378.4
1.6400E-5	-4149.2
1.6433E-5	-1945.0
1.6467E-5	53.910
1.6500E-5	1679.1
1.6533E-5	2786.1
1.6567E-5	3291.6
1.6600E-5	3228.2
1.6633E-5	2647.2
1.6667E-5	1654.4
1.6700E-5	416.45
1.6733E-5	-864.68
1.6767E-5	-2006.4
1.6800E-5	-2838.1
1.6833E-5	-3223.2
1.6867E-5	-3107.6
1.6900E-5	-2497.4
1.6933E-5	-1453.1
1.6967E-5	-104.26
1.7000E-5	1364.2
1.7033E-5	2756.1
1.7067E-5	3868.6
1.7100E-5	4513.9
1.7133E-5	4558.8
1.7167E-5	3941.5
1.7200E-5	2650.8
1.7233E-5	755.13
1.7267E-5	-1600.6
1.7300E-5	-4236.0
1.7333E-5	-6929.4
1.7367E-5	-9434.1
1.7400E-5	-11514
1.7433E-5	-13001
1.7467E-5	-13742
1.7500E-5	-13640
1.7533E-5	-12675
1.7567E-5	-10902
1.7600E-5	-8415.7
1.7633E-5	-5370.5
1.7667E-5	-1964.6
1.7700E-5	1605.3
1.7733E-5	5139.8
1.7767E-5	8427.0
1.7800E-5	11278
1.7833E-5	13553
1.7867E-5	15156
1.7900E-5	16009
1.7933E-5	16089
1.7967E-5	15423
1.8000E-5	14081
1.8033E-5	12165
1.8067E-5	9815.6
1.8100E-5	7199.3
1.8133E-5	4484.0
1.8167E-5	1846.7
1.8200E-5	-542.72
1.8233E-5	-2538.4
1.8267E-5	-4046.7
1.8300E-5	-5006.5
1.8333E-5	-5400.9
1.8367E-5	-5266.6
1.8400E-5	-4693.2
1.8433E-5	-3798.7
1.8467E-5	-2726.9
1.8500E-5	-1636.7
1.8533E-5	-675.75
1.8567E-5	28.999
1.8600E-5	373.48
1.8633E-5	294.72
1.8667E-5	-222.74
1.8700E-5	-1157.0
1.8733E-5	-2449.1
1.8767E-5	-4005.3
1.8800E-5	-5716.1
1.8833E-5	-7474.5
1.8867E-5	-9160.6
1.8900E-5	-10665
1.8933E-5	-11901
1.8967E-5	-12809
1.9000E-5	-13340
1.9033E-5	-13474
1.9067E-5	-13214
1.9100E-5	-12573
1.9133E-5	-11586
1.9167E-5	-10298
1.9200E-5	-8765.2
1.9233E-5	-7038.1
1.9267E-5	-5176.0
1.9300E-5	-3238.8
1.9333E-5	-1281.4
1.9367E-5	653.40
1.9400E-5	2526.8
1.9433E-5	4307.7
1.9467E-5	5975.7
1.9500E-5	7522.7
1.9533E-5	8946.9
1.9567E-5	10251
1.9600E-5	11443
1.9633E-5	12527
1.9667E-5	13504
1.9700E-5	14369
1.9733E-5	15108
1.9767E-5	15688
1.9800E-5	16084
1.9833E-5	16256
1.9867E-5	16151
1.9900E-5	15721
1.9933E-5	14941
1.9967E-5	13786
2.0000E-5	12246
2.0033E-5	10337
2.0067E-5	8106.5
2.0100E-5	5615.5
2.0133E-5	2959.0
2.0167E-5	263.71
2.0200E-5	-2344.4
2.0233E-5	-4751.7
2.0267E-5	-6813.4
2.0300E-5	-8399.4
2.0333E-5	-9421.8
2.0367E-5	-9838.2
2.0400E-5	-9620.3
2.0433E-5	-8797.6
2.0467E-5	-7458.9
2.0500E-5	-5715.4
2.0533E-5	-3726.2
2.0567E-5	-1691.8
2.0600E-5	172.62
2.0633E-5	1703.2
2.0667E-5	2724.3
2.0700E-5	3086.6
2.0733E-5	2704.7
2.0767E-5	1582.9
2.0800E-5	-231.03
2.0833E-5	-2621.4
2.0867E-5	-5396.0
2.0900E-5	-8333.3
2.0933E-5	-11203
2.0967E-5	-13739
2.1000E-5	-15691
2.1033E-5	-16881
2.1067E-5	-17208
2.1100E-5	-16601
2.1133E-5	-15081
2.1167E-5	-12766
2.1200E-5	-9823.8
2.1233E-5	-6473.2
2.1267E-5	-2984.9
2.1300E-5	365.92
2.1333E-5	3377.8
2.1367E-5	5836.4
2.1400E-5	7577.2
2.1433E-5	8520.4
2.1467E-5	8682.5
2.1500E-5	8116.8
2.1533E-5	6946.8
2.1567E-5	5359.1
2.1600E-5	3532.8
2.1633E-5	1662.1
2.1667E-5	-45.428
2.1700E-5	-1414.6
2.1733E-5	-2347.6
2.1767E-5	-2785.7
2.1800E-5	-2706.4
2.1833E-5	-2157.0
2.1867E-5	-1234.6
2.1900E-5	-53.397
2.1933E-5	1232.4
2.1967E-5	2452.0
2.2000E-5	3453.3
2.2033E-5	4127.8
2.2067E-5	4364.4
2.2100E-5	4096.2
2.2133E-5	3311.4
2.2167E-5	2040.0
2.2200E-5	345.75
2.2233E-5	-1662.9
2.2267E-5	-3846.7
2.2300E-5	-6080.4
2.2333E-5	-8218.2
2.2367E-5	-10112
2.2400E-5	-11636
2.2433E-5	-12715
2.2467E-5	-13291
2.2500E-5	-13335
2.2533E-5	-12869
2.2567E-5	-11943
2.2600E-5	-10625
2.2633E-5	-9016.9
2.2667E-5	-7238.6
2.2700E-5	-5399.6
2.2733E-5	-3589.3
2.2767E-5	-1910.2
2.2800E-5	-441.92
2.2833E-5	771.14
2.2867E-5	1711.5
2.2900E-5	2374.3
2.2933E-5	2784.4
2.2967E-5	2988.7
2.3000E-5	3025.4
2.3033E-5	2950.9
2.3067E-5	2826.9
2.3100E-5	2705.3
2.3133E-5	2609.1
2.3167E-5	2564.5
2.3200E-5	2583.7
2.3233E-5	2656.8
2.3267E-5	2767.5
2.3300E-5	2895.0
2.3333E-5	3004.7
2.3367E-5	3058.9
2.3400E-5	3036.5
2.3433E-5	2921.3
2.3467E-5	2694.8
2.3500E-5	2354.2
2.3533E-5	1912.2
2.3567E-5	1381.1
2.3600E-5	785.01
2.3633E-5	157.61
2.3667E-5	-469.51
2.3700E-5	-1080.6
2.3733E-5	-1647.2
2.3767E-5	-2146.6
2.3800E-5	-2569.4
2.3833E-5	-2914.5
2.3867E-5	-3176.5
2.3900E-5	-3358.4
2.3933E-5	-3467.5
2.3967E-5	-3499.6
2.4000E-5	-3451.7
2.4033E-5	-3326.1
2.4067E-5	-3122.7
2.4100E-5	-2835.9
2.4133E-5	-2471.2
2.4167E-5	-2044.2
2.4200E-5	-1576.9
2.4233E-5	-1107.6
2.4267E-5	-692.27
2.4300E-5	-386.69
2.4333E-5	-248.12
2.4367E-5	-334.57
2.4400E-5	-697.53
2.4433E-5	-1353.3
2.4467E-5	-2288.0
2.4500E-5	-3453.4
2.4533E-5	-4770.4
2.4567E-5	-6119.9
2.4600E-5	-7355.2
2.4633E-5	-8317.4
2.4667E-5	-8858.6
2.4700E-5	-8846.4
2.4733E-5	-8185.8
2.4767E-5	-6841.5
2.4800E-5	-4834.6
2.4833E-5	-2247.0
2.4867E-5	764.78
2.4900E-5	3982.5
2.4933E-5	7180.5
2.4967E-5	10128
2.5000E-5	12571
2.5033E-5	14293
2.5067E-5	15155
2.5100E-5	15093
2.5133E-5	14089
2.5167E-5	12226
2.5200E-5	9661.7
2.5233E-5	6566.2
2.5267E-5	3176.1
2.5300E-5	-242.90
2.5333E-5	-3446.8
2.5367E-5	-6287.8
2.5400E-5	-8602.1
2.5433E-5	-10280
2.5467E-5	-11297
2.5500E-5	-11694
2.5533E-5	-11535
2.5567E-5	-10928
2.5600E-5	-10016
2.5633E-5	-8895.7
2.5667E-5	-7658.5
2.5700E-5	-6402.3
2.5733E-5	-5189.8
2.5767E-5	-4012.2
2.5800E-5	-2842.3
2.5833E-5	-1662.6
2.5867E-5	-433.98
2.5900E-5	887.71
2.5933E-5	2326.7
2.5967E-5	3883.4
2.6000E-5	5538.2
2.6033E-5	7241.8
2.6067E-5	8917.0
2.6100E-5	10482
2.6133E-5	11850
2.6167E-5	12940
2.6200E-5	13676
2.6233E-5	14013
2.6267E-5	13936
2.6300E-5	13464
2.6333E-5	12619
2.6367E-5	11455
2.6400E-5	10050
2.6433E-5	8490.3
2.6467E-5	6832.0
2.6500E-5	5135.5
2.6533E-5	3458.7
2.6567E-5	1834.3
2.6600E-5	271.19
2.6633E-5	-1222.8
2.6667E-5	-2655.1
2.6700E-5	-4044.5
2.6733E-5	-5401.9
2.6767E-5	-6717.4
2.6800E-5	-7994.1
2.6833E-5	-9222.9
2.6867E-5	-10376
2.6900E-5	-11413
2.6933E-5	-12301
2.6967E-5	-12998
2.7000E-5	-13465
2.7033E-5	-13680
2.7067E-5	-13623
2.7100E-5	-13285
2.7133E-5	-12675
2.7167E-5	-11816
2.7200E-5	-10740
2.7233E-5	-9487.1
2.7267E-5	-8107.0
2.7300E-5	-6647.9
2.7333E-5	-5157.0
2.7367E-5	-3684.4
2.7400E-5	-2276.3
2.7433E-5	-967.09
2.7467E-5	218.22
2.7500E-5	1254.9
2.7533E-5	2127.6
2.7567E-5	2831.6
2.7600E-5	3371.7
2.7633E-5	3756.3
2.7667E-5	4002.4
2.7700E-5	4133.2
2.7733E-5	4172.3
2.7767E-5	4148.6
2.7800E-5	4093.6
2.7833E-5	4037.7
2.7867E-5	3997.4
2.7900E-5	3991.2
2.7933E-5	4033.4
2.7967E-5	4129.5
2.8000E-5	4271.1
